x = [ 1500 3500 6000 9000 12500 16500 21000 26000 31500 37500 ]
y = [ 0.00789134502411 0.0180310249329 0.0306360721588 0.046027135849 0.0684916257858 0.0912741661072 0.120933437347 0.148215842247 0.19810128212 0.226342391968 ]