x = [ 1500 3500 6000 9000 12500 16500 21000 26000 31500 37500 ]
y = [ 0.0144524097443 0.0319776773453 0.055597949028 0.0871531248093 0.123017263412 0.165941739082 0.212172460556 0.27492647171 0.343231940269 0.420229387283 ]