x = [ 1500 3500 6000 9000 12500 16500 21000 26000 31500 37500 ]
y = [ 0.0130108356476 0.0302279233932 0.0557744503021 0.0811034679413 0.116743946075 0.166722750664 0.209702801704 0.26674284935 0.333999085426 0.408433437347 ]