x = [ 1500 3500 6000 9000 12500 16500 21000 26000 31500 37500 ]
y = [ 0.00826337337494 0.0175871372223 0.0298305511475 0.0473383903503 0.0677982091904 0.0854667901993 0.114121317863 0.148008203506 0.191289806366 0.23344810009 ]