x = [ 20 55 105 170 250 345 455 580 720 875 ]
y = [ 0.000853705406189 0.00230729579926 0.00636899471283 0.0157922029495 0.033176445961 0.0632107496262 0.107353830338 0.174791502953 0.267631173134 0.39283053875 ]